1 0.99696337972381188 -0.035633322790952549 -0.058378043391754189 -0.037232913481231318 4.8819644198024204 -2.9077343160414157 3.4295415116743517 1 000.png
2 0.99703611024687622 -0.035207161140886713 -0.057750131813191309 -0.036665691644065419 4.7375521635831381 -2.8364868111547574 3.3292032521965016 1 001.png
3 0.99710882395638656 -0.034810091721176828 -0.057097551276754116 -0.036084904612225507 4.5888559833007516 -2.7680723521300372 3.2316769711994864 1 002.png
4 0.9971779721794235 -0.034420175318356415 -0.056465575714805837 -0.035538459313569762 4.4428492443250089 -2.6984053415686855 3.1317760672224528 1 003.png
5 0.99724765498379064 -0.034042317078874659 -0.05577331172770339 -0.035036737521583323 4.2869786006013264 -2.6267901354079588 3.0279514825570057 1 004.png
6 0.99731522073418322 -0.03367117531449456 -0.055092239836052763 -0.034546310290899003 4.1345150627637857 -2.5526939945348985 2.9283634798659572 1 005.png
7 0.99738189980398273 -0.033300110215108973 -0.054393022035650489 -0.034085887943388182 3.9787155290445892 -2.4746775981911955 2.8257314398937461 1 006.png
8 0.99744455676084631 -0.032955295480179045 -0.053716569071971323 -0.033657612736335954 3.8266581270959938 -2.3968158294342894 2.7228620095475606 1 007.png
9 0.99750696607958123 -0.032622340902912349 -0.053006054022355552 -0.033256484085103052 3.67048479867394 -2.315476102907172 2.6219364884573895 1 008.png
10 0.99756756164846583 -0.032293628104939381 -0.052296649204229523 -0.032880724027371661 3.5142646513277351 -2.2306099820068961 2.5185764869487501 1 009.png
11 0.99762578250860645 -0.031982248555440636 -0.051574806215025568 -0.032557229847014479 3.3548382768902703 -2.1434430683440251 2.4114242853534389 1 010.png
12 0.99768111270319793 -0.03166775345879333 -0.050868733572463631 -0.03227882728532621 3.1982288722097922 -2.0506699767556333 2.3046282349829514 1 011.png
13 0.9977361475768225 -0.031354175017988116 -0.050131948428900744 -0.032035656294583235 3.0346835385665409 -1.9527808682960182 2.1946393216889972 1 012.png
14 0.99778945819633269 -0.031035435145744906 -0.049423554739663055 -0.031785391526273681 2.8740666786765905 -1.8509651229029456 2.0863945470235747 1 013.png
15 0.9978412822996563 -0.030702193018591315 -0.048728370138143892 -0.031554660925242367 2.7131836405655587 -1.7429231611034273 1.9815209849954816 1 014.png
16 0.99789106820610962 -0.030398199858280697 -0.048064918973115198 -0.031291037118532206 2.5538487874303786 -1.6367655582791782 1.873948999741164 1 015.png
17 0.99793963844526379 -0.030104319308301639 -0.047418964367122549 -0.031010478826832895 2.3946844600602097 -1.5302030007632386 1.7684692541135476 1 016.png
18 0.9979881964243581 -0.029819133304960811 -0.046784853869967252 -0.030684793220154646 2.2342471407419864 -1.4228616205832434 1.6644280651250709 1 017.png
19 0.99803560098462152 -0.029538331619465803 -0.046176151187536867 -0.030334620385125136 2.074292969520843 -1.3151588784601862 1.5585531978753298 1 018.png
20 0.9980825093571315 -0.029271100272510543 -0.045583512280853736 -0.02994412483859767 1.9145077492353662 -1.2083553192770249 1.4566639686264107 1 019.png
21 0.99813129891469221 -0.029013808993919903 -0.044978445773695919 -0.029479627377503148 1.7500974273036822 -1.1034891542419807 1.3540046917882684 1 020.png
22 0.99818007219884797 -0.028755788783366522 -0.044391858844131486 -0.028965685645465363 1.5873778360130177 -0.99785246200620947 1.2546266014999636 1 021.png
23 0.99822919769354157 -0.028510414507916467 -0.043800099470078527 -0.028410850446726539 1.4230271357348665 -0.89386536643825132 1.1507287258493488 1 022.png
24 0.99827773538217934 -0.028269177333451793 -0.0432164985859445 -0.027834347541992249 1.2611830622791407 -0.78933550210885461 1.0499320489814019 1 023.png
25 0.998326502391641 -0.028047347150400401 -0.042616799860945277 -0.027227730531755059 1.0985202187200511 -0.68737621581451014 0.94731198113392001 1 024.png
26 0.9983755973656403 -0.02782917195000208 -0.041993107496322402 -0.026613581047663839 0.93500034187411696 -0.58542714731665979 0.84583405602530803 1 025.png
27 0.99842491362702535 -0.02762050175439161 -0.041359911239604079 -0.025964542629415211 0.77335556672451444 -0.48495556197797918 0.74343018389319371 1 026.png
28 0.99847511208514317 -0.027392677085654113 -0.040691766108155961 -0.025323348112782338 0.61168556514585226 -0.38154970269927807 0.64330109148168724 1 027.png
29 0.99852380134229646 -0.027181415807437565 -0.040038539804889597 -0.024663822046180391 0.4576725604220015 -0.28108387265049295 0.54344210118097458 1 028.png
30 0.99857450068910758 -0.026969753095558664 -0.039307841096013277 -0.024010260719845741 0.29691061015664455 -0.18160350051317237 0.44071792848828073 1 029.png
31 0.99862396504795681 -0.026759478198695834 -0.038584517019898547 -0.02335255456629665 0.14369146432633093 -0.0834965312949731 0.34035743242885591 1 030.png
32 0.99867490389466529 -0.026553995648660299 -0.037803520442611781 -0.022676319988413868 -0.011159597434353885 0.011559912969998627 0.23927018854676418 1 031.png
33 0.99872674097041869 -0.026364121257441017 -0.036975523582381986 -0.021969083657220719 -0.1673519152405849 0.10041910971040947 0.13850270250060059 1 032.png
34 0.99877824401516191 -0.026170712827952487 -0.036126234937877498 -0.021260484972833157 -0.31960359230488561 0.18762368331457699 0.039518755144049546 1 033.png
35 0.99883038202485153 -0.025960828002911319 -0.035232953553953276 -0.020555834630523396 -0.47150257417323865 0.27444371975334764 -0.05963784868799487 1 034.png
36 0.99888177013233526 -0.025751904270115668 -0.034317623436764831 -0.019858233693054703 -0.61933209554943136 0.3577824157399217 -0.15645761857393525 1 035.png
37 0.99893313408804563 -0.025525728422306132 -0.033349797742993147 -0.019204733792658021 -0.77031951697100554 0.44127418686883807 -0.25638137593778065 1 036.png
38 0.99898376415439827 -0.025273586869214527 -0.032379147256745615 -0.018554664793524439 -0.91485232312024523 0.52513993154603056 -0.35283025344284197 1 037.png
39 0.99903312789781051 -0.02501357238462076 -0.031419362896816162 -0.017887263469703988 -1.052906176766214 0.60487109219621538 -0.45164514525089899 1 038.png
40 0.99908143099128799 -0.024741064976175214 -0.030450535375215384 -0.017231913637432206 -1.1882363347788789 0.68262184835580142 -0.55170649025869267 1 039.png
41 0.99912884094473609 -0.024426856442865102 -0.029491039680068953 -0.016588142009777453 -1.3181648080847936 0.76253223922659352 -0.64881962509734492 1 040.png
42 0.99917479221594385 -0.024106381924361722 -0.028545020434670151 -0.01593106271177153 -1.4432914124487171 0.83808146565816832 -0.74561326637144643 1 041.png
43 0.99921909700587741 -0.023781996788004519 -0.027621449385498348 -0.015253469814393716 -1.5636326490919896 0.90865553383947339 -0.84212076428814087 1 042.png
44 0.99926160545775888 -0.023447809605079913 -0.026717184930920124 -0.014582047595355141 -1.6795392088413095 0.97575985716114699 -0.93788879699527172 1 043.png
45 0.99930223779601479 -0.023110041726670794 -0.025850065945122978 -0.013882996719056833 -1.7906757963785707 1.0381008209972655 -1.0366911161470018 1 044.png
46 0.99934171323240106 -0.022755679238265627 -0.025003731397799055 -0.01315798891629856 -1.8988607408615501 1.0978628374984998 -1.1313878780433149 1 045.png
47 0.99937943828354447 -0.022418522408332985 -0.024159134648287846 -0.012429175440877226 -2.0080144880609332 1.1509332152214431 -1.2277653703576858 1 046.png
48 0.99941504621615351 -0.022065327504516553 -0.023348832801628815 -0.011726837838225318 -2.1137139991193394 1.2031488975922404 -1.328303075337909 1 047.png
49 0.99944819792099349 -0.021715301284826512 -0.022582303252005571 -0.011035621524061314 -2.2123408097269395 1.2535053130599487 -1.4240142563643532 1 048.png
50 0.99948035404709912 -0.021352158186830152 -0.021803497547676156 -0.01037856971545026 -2.3150194502732049 1.3038519023120905 -1.5252607371362816 1 049.png
51 0.99951055033939018 -0.020979806331889787 -0.021055282033740519 -0.0097561562618436615 -2.4133686271696466 1.3544966577173105 -1.626871643014679 1 050.png
52 0.999538718275508 -0.02070279189170296 -0.020248911912661108 -0.0091502263576863866 -2.5219996332614358 1.3896152703362497 -1.7368782891791661 1 051.png
53 0.99956522660246849 -0.020192316755326969 -0.019684805053315324 -0.0086102590681990353 -2.5881994186024744 1.464534470514375 -1.8237022138366428 1 052.png
54 0.99959029896544682 -0.019907205278277756 -0.018911618751425652 -0.0080801032405650591 -2.6901770487366465 1.5026488041625101 -1.9331376349056686 1 053.png
55 0.99961391661039356 -0.019552629253528131 -0.018227981382348872 -0.0075797825053408908 -2.7766546105614576 1.5536873615659248 -2.0355231739158723 1 054.png
56 0.99963559472252406 -0.019220161985293176 -0.017576734439080005 -0.0070937679312778612 -2.8561429765122521 1.6021953809733422 -2.1325245357388334 1 055.png
57 0.99965613244067741 -0.018903338304064321 -0.016908884638743068 -0.0066611031355632809 -2.9366306057497447 1.6510545414372795 -2.2314383055434184 1 056.png
58 0.99967529174916392 -0.018601675865183572 -0.016251117334073126 -0.0062601842325102301 -3.0150065519215943 1.6994970194902657 -2.3303263114083204 1 057.png
59 0.99969302267307192 -0.018331433637117065 -0.015597032556361643 -0.0058780553774741059 -3.0919299834137211 1.7440529438802639 -2.4327430066593148 1 058.png
60 0.99970948455112085 -0.018090605554348788 -0.014943309279848254 -0.0055112609243341062 -3.1673402522586533 1.7862125526360317 -2.5328611642457566 1 059.png
61 0.99972465712106795 -0.01786046037116094 -0.014304770348704299 -0.0051949441540803266 -3.2398017381678135 1.8290110621352542 -2.6373974652207113 1 060.png
62 0.9997387296992335 -0.017648158227159823 -0.013679947517529874 -0.0048860911237849766 -3.3080026800792477 1.8709024444785807 -2.7334442246107171 1 061.png
63 0.99975205408013523 -0.017463169923180727 -0.013024893166408072 -0.0046065406530804015 -3.3806918459891291 1.9103669635958478 -2.8323551045856092 1 062.png
64 0.99976385775934717 -0.017297697638753294 -0.012421945713135015 -0.0043259264032118171 -3.4427816262246433 1.9478089652784454 -2.9292954811367551 1 063.png
65 0.99977499334495956 -0.017141529359481142 -0.011813035056000483 -0.004072205307900951 -3.5057262533632203 1.9852382215363431 -3.0246856729111271 1 064.png
66 0.99978510222490369 -0.01700768367115589 -0.011209308320648134 -0.0038522035581674188 -3.567982555667887 2.0211121398902159 -3.1221699386807407 1 065.png
67 0.99979465738541828 -0.016867922587807577 -0.010621511604378485 -0.0036468811858624628 -3.6268106846724621 2.0581906779335699 -3.2183068533356023 1 066.png