3 0.9999383640664106 0.007222661504702844 0.004937829582707504 -0.006835134818799345 4.449391497030946 -2.6440855142283612 2.9671014355861156 1 000.jpg
7 0.9999356358380707 0.007616062513765387 0.005584618200215117 -0.006287432898845938 4.237176703365798 -2.5461103643860943 2.820971305419756 1 001.jpg
2 0.9999320007397111 0.00799899705555017 0.0062531187008029706 -0.005736588646360273 4.0195883674369455 -2.448497964233476 2.6775811984312985 1 002.jpg
5 0.9999275136788712 0.008380643412971888 0.006900355292639524 -0.005207427465726191 3.8068531594986443 -2.347775228853233 2.534187348609526 1 003.jpg
1 0.9999218302763149 0.008734355427604906 0.0076017780040268665 -0.004717768890738436 3.580374212234775 -2.249731276000702 2.383392158168088 1 004.jpg
4 0.9999153001278688 0.009087292163193096 0.008297097471861652 -0.004239323634405507 3.3570436595384425 -2.1471356848639056 2.2343921463472776 1 005.jpg
6 0.9999076344904317 0.00944979523538803 0.008998465603367586 -0.003801509508517626 3.1325935714620257 -2.036738986004425 2.0890738341674226 1 006.jpg
8 0.9998902397588092 0.010117203821554363 0.010399471489178488 -0.0030002690962676964 2.6856940013568997 -1.8123733239434967 1.792384751654346 1 008.jpg
13 0.9998805717656672 0.010422583636019075 0.011110843762888912 -0.002600212835393708 2.459337229297204 -1.6990618719510162 1.6371187822483522 1 009.jpg
11 0.9998694902968727 0.010751741194919177 0.011833521517780415 -0.0023173698966553833 2.230503540785875 -1.5713534066713601 1.48977661479508 1 010.jpg
10 0.9998579300932612 0.011067254863053889 0.012547434387924343 -0.00204875320529949 2.002504933748026 -1.441670475452761 1.3352460658371068 1 011.jpg
9 0.9998454462770859 0.01138299384116367 0.01327477002347204 -0.0018142466785891354 1.7684381499159816 -1.304958760915169 1.1761476832619904 1 012.jpg
14 0.9998324118691202 0.011711329602424169 0.013982873681819408 -0.0015723162912791716 1.536525919015063 -1.1609521089571702 1.0210635032109616 1 013.jpg
18 0.999819239515794 0.012032612017146609 0.014661819835623454 -0.0013174145938206641 1.3104664461663946 -1.012531048737457 0.8776087333619624 1 014.jpg
12 0.9998057090034408 0.012343014353262054 0.015331593057371107 -0.001066065253829574 1.0811297163390774 -0.8623984831048147 0.7283959092015966 1 015.jpg
16 0.9997920085419643 0.012651860446607547 0.01597578251756658 -0.0008027800545026644 0.8528370440732915 -0.7100293285586172 0.5757294184023528 1 016.jpg
15 0.9997780191350493 0.01293913172899469 0.016620918762914078 -0.00048619334987633407 0.6207365940923497 -0.5597256945023569 0.4269264627767225 1 017.jpg
17 0.9997641252534469 0.01322128757003482 0.017230000825411637 -0.0001359513028275243 0.3930489656825804 -0.40886344518284534 0.2761579944817156 1 018.jpg
19 0.9997498808038182 0.013498026530295085 0.01783045552119411 0.00023231109649449685 0.16353695951227462 -0.2565111039780722 0.12930986044073828 1 019.jpg
24 0.9997346285899125 0.01375166741722997 0.018466052122783416 0.0007542946601701813 -0.0780425689383557 -0.11409811873328593 -0.03331688455093591 1 020.jpg
22 0.9997195199694062 0.01399609161280032 0.019067123328701918 0.0011981734741609846 -0.3108014542275393 0.036043922785948646 -0.1641276104789641 1 021.jpg
20 0.9997035776378913 0.014243276846965735 0.019668384061329914 0.0017437290722875298 -0.5450788150085004 0.1838681693722544 -0.31047798215494643 1 022.jpg
25 0.9996697426707722 0.014653851771709957 0.020910829668119347 0.0028995550340669687 -1.0170719107315391 0.46450905618389177 -0.6019553107356954 1 024.jpg
21 0.9996511366822368 0.014863069575510675 0.02155081050941352 0.003500951169721087 -1.2517172251405342 0.6066797437938991 -0.750064468109229 1 025.jpg
27 0.9996312496540035 0.015062282808421926 0.022211703039039774 0.004139154488542819 -1.486932528264468 0.7464641915250626 -0.897218967582833 1 026.jpg
26 0.999609678535043 0.015281307063071856 0.02289613132754546 0.004768585088244274 -1.7199240571022787 0.8906748031447168 -1.0377875965001304 1 027.jpg
28 0.9995873264461341 0.015480271928937228 0.02358595880782449 0.005407451931494047 -1.9464462219099943 1.029786245744643 -1.183487128107762 1 028.jpg
33 0.9995633107162849 0.01567830874423705 0.024316793641664426 0.006006001316090841 -2.17422226333228 1.169025190761678 -1.3247530210481147 1 029.jpg
32 0.9995380533858806 0.015880698628738876 0.025044281289824423 0.006653361504058672 -2.392260001821671 1.3063069834609529 -1.4626754078033044 1 030.jpg
34 0.9995095150290769 0.01608123649221973 0.02585330629047373 0.007330058190198967 -2.62169589658862 1.4360297701611338 -1.6205875050776626 1 031.jpg
30 0.9994791871304561 0.016267536429484506 0.026696224429078808 0.008002084277882366 -2.8491968271235018 1.5606144393215986 -1.7675825038056936 1 032.jpg
29 0.9994465021566081 0.016461431182873864 0.027570891995330336 0.008692325633252881 -3.072819926409987 1.6832422681948251 -1.9091625804523278 1 033.jpg
31 0.9994121559862155 0.016652232341906187 0.02846266739881169 0.009376683292102495 -3.2908803464720546 1.8008962222769591 -2.052625516154096 1 034.jpg
35 0.999376063213267 0.016832751074318256 0.029400725987570882 0.009986995495448568 -3.507162903082709 1.9168652336050418 -2.171802423303783 1 035.jpg
36 0.9993360902433975 0.017079393254352614 0.030359610160257636 0.010675539050576128 -3.7275604823024877 2.0324892694890337 -2.3422272115395892 1 036.jpg
37 0.9992964721116172 0.017303923345000746 0.031315487477258076 0.011246124052663566 -3.9313022217491445 2.1498015198749383 -2.4539257053613333 1 037.jpg
39 0.9992525058490428 0.01756738762348029 0.03230362305804068 0.011928637131673941 -4.142331564963411 2.2584210701866367 -2.617233161242895 1 038.jpg
38 0.9992088793818441 0.01782866377201549 0.03326779899520981 0.012530269853367202 -4.335784728613204 2.3694745753954756 -2.740227646433896 1 039.jpg
23 0.9990683110801424 0.018732438371607926 0.036094147955387 0.014450537412166009 -4.887807367615744 2.6777184138444476 -3.165751909997457 1 042.jpg
